22500
1027
1027
115292
80697
130704
148730
94502
86606
114052
119423
65439
115348
79469
93261
136640
126896
104264
130401
96075
94051
60104
126174
121665
141736
92336
92655
102674
111820
84142
83647
147989
94704
65211
88835
126143
118079
52126
118447
72549
81761
144042
95788
51634
137212
71853
118809
136341
117549
107443
101667
102212
68663
95582
104357
70330
70681
115913
114415
117426
96577
106436
66076
122960
130276
90690
109061
109718
141903
64282
96601
83454
94199
135719
104806
119757
121057
139694
100171
112819
62391
53631
122820
64546
82668
104500
140311
59173
128943
103206
69198
87818
88513
