22500
1027
1027
9957
10188
10113
10135
10040
10225
10069
10166
10208
10108
10175
10045
10092
10153
10197
10122
10091
10133
10007
10062
10301
10169
10146
10275
10236
9883
10151
10180
10057
10050
10174
10178
9971
10059
10310
10085
10047
10154
10096
10124
10075
10126
10014
10096
10133
10115
10215
10057
10260
10091
10274
10105
10192
10046
10234
10227
10278
10147
10090
10040
10220
10095
10189
10009
10019
10091
10112
10171
10232
10259
10053
10219
10123
10140
10187
10285
10150
9863
10122
10301
10133
10199
10198
10256
10110
10055
10128
10175
10105
10244
