22500
1027
1027
51634
52126
53631
59173
60104
62391
64282
64546
65211
65439
66076
68663
69198
70330
70681
71853
72549
79469
80697
81761
82668
83454
83647
84142
86606
87818
88513
88835
90690
92336
92655
93261
94051
94199
94502
94704
95582
95788
96075
96577
96601
100171
101667
102212
102674
103206
104264
104357
104500
104806
106436
107443
109061
109718
111820
112819
114052
114415
115292
115348
115913
117426
117549
118079
118447
118809
119423
119757
121057
121665
122820
122960
126143
126174
126896
128943
130276
130401
130704
135719
136341
136640
137212
139694
140311
141736
141903
144042
147989
148730
