105721
69155
77949
144715
148434
61256
59115
137056
111764
102189
65389
63629
141631
72639
79323
50014
111896
93064
142440
106235
138857
82817
62847
94938
57817
139941
108521
85231
65682
143132
123779
53313
52991
121764
130369
74229
127148
124443
110250
53623
81328
107959
111469
59432
72379
77293
67016
55139
108260
130441
56396
76321
99467
98801
91253
72629
103428
103054
62211
133132
104326
69765
65666
87523
111991
62043
90153
69588
102038
69898
147673
85264
124441
57502
75432
143901
143592
107406
95090
122152
56485
146442
64954
87362
55684
90671
127451
132399
67364
90650
