101171
101328
101463
101315
101339
101470
101246
101258
101289
101478
101150
101299
101337
101368
101491
101528
101595
101590
101279
101068
101434
101320
101424
101371
101455
101210
101483
101490
101469
101202
101265
101414
101364
101540
101336
101330
101321
101347
101512
101259
101331
101289
101382
101350
101532
101213
101466
101376
101444
101322
101286
101349
101187
101247
101347
101371
101320
101403
101182
101260
101356
101215
101501
101461
101290
101270
101252
101584
101277
101378
101369
101238
101446
101375
101472
101271
101293
101282
101354
101248
101482
101332
101257
101348
101446
101340
101368
101254
101233
101354
