50014
52991
53313
53623
55139
55684
56396
56485
57502
57817
59115
59432
61256
62043
62211
62847
63629
64954
65389
65666
65682
67016
67364
69155
69588
69765
69898
72379
72629
72639
74229
75432
76321
77293
77949
79323
81328
82817
85231
85264
87362
87523
90153
90650
90671
91253
93064
94938
95090
98801
99467
102038
102189
103054
103428
104326
105721
106235
107406
107959
108260
108521
110250
111469
111764
111896
111991
121764
122152
123779
124441
124443
127148
127451
130369
130441
132399
133132
137056
138857
139941
141631
142440
143132
143592
143901
144715
146442
147673
148434
